Body keypoints: 
[[[ 88.917274    52.863186     0.9152853 ]
  [ 92.264465   128.08492      0.8878709 ]
  [ 39.874104   128.12492      0.8617443 ]
  [ 52.83905    196.86217      0.8276201 ]
  [ 88.621925   124.82709      0.84242415]
  [144.54753    121.66386      0.88247925]
  [147.77434    206.51352      0.8425998 ]
  [ 88.7806     213.03343      0.7667281 ]
  [ 88.859      304.71088      0.84897816]
  [ 56.037407   301.5668       0.79320157]
  [  0.           0.           0.        ]
  [  0.           0.           0.        ]
  [118.44203    304.7613       0.81803626]
  [118.306244   429.0633       0.9132111 ]
  [118.42424    540.1459       0.87895286]
  [ 75.792694    39.92957      0.890379  ]
  [ 98.63205     39.742977     0.9019078 ]
  [ 65.78073     62.476986     0.716352  ]
  [118.21506     49.575565     0.87091976]
  [141.25838    585.92664      0.86492765]
  [150.952      576.18506      0.7865768 ]
  [114.89951    553.2631       0.81027603]
  [  0.           0.           0.        ]
  [  0.           0.           0.        ]
  [  0.           0.           0.        ]]]
Left hand keypoints: 
[[[5.2491989e+01 1.9431490e+02 2.0584572e-02]
  [6.0902328e+01 1.9680685e+02 2.3368619e-02]
  [6.5886238e+01 2.3044821e+02 2.5983276e-02]
  [6.4951752e+01 2.0615167e+02 4.1139163e-02]
  [6.5886238e+01 2.1113557e+02 3.5231519e-02]
  [6.5263245e+01 2.0833214e+02 3.6463507e-02]
  [6.1213821e+01 2.1082408e+02 4.0997643e-02]
  [6.2771294e+01 2.1238156e+02 4.1364025e-02]
  [6.5886238e+01 2.1362753e+02 2.4189085e-02]
  [6.6820717e+01 2.0708615e+02 2.8086415e-02]
  [6.4951752e+01 2.1829994e+02 2.9348632e-02]
  [6.5263245e+01 2.2671028e+02 2.2663666e-02]
  [6.5886238e+01 2.1362753e+02 1.7838411e-02]
  [6.8066696e+01 2.0833214e+02 2.4849005e-02]
  [6.5886238e+01 2.1425052e+02 3.5364762e-02]
  [6.5886238e+01 2.1549649e+02 2.4517450e-02]
  [6.5886238e+01 2.1393903e+02 1.9681146e-02]
  [6.4951752e+01 2.1362753e+02 1.6454615e-02]
  [6.8378189e+01 2.0584018e+02 2.0412115e-02]
  [6.8378189e+01 2.0490570e+02 4.6803214e-02]
  [6.8378189e+01 2.0521719e+02 2.1719318e-02]]]
Right hand keypoints: 
[[[ 87.9719     123.67729      0.58176845]
  [ 85.67694    114.82529      0.6293933 ]
  [ 86.00479    103.67833      0.64490175]
  [ 88.29975     93.842766     0.5472454 ]
  [ 83.70983     86.63003      0.43270224]
  [ 90.92257     91.547806     0.7104394 ]
  [100.758125    81.3844       0.8853332 ]
  [104.036644    86.63003      0.5514497 ]
  [104.036644    96.13773      0.34833157]
  [ 95.84035     91.547806     0.6469991 ]
  [106.65946     91.547806     0.8203249 ]
  [108.29872     98.10484      0.66630995]
  [104.69235    102.69477      0.503577  ]
  [ 99.77457     94.498474     0.87814516]
  [111.24939     96.793434     0.6171242 ]
  [110.26583    102.69477      0.6812597 ]
  [105.6759     106.30114      0.5884826 ]
  [104.036644    99.0884       0.7492964 ]
  [112.23294    101.05551      0.7749361 ]
  [111.57724    106.30114      0.7470948 ]
  [106.98731    108.26825      0.6094153 ]]]
