Body keypoints: 
[[[1.40485214e+02 7.87758331e+01 9.35157120e-01]
  [1.44564301e+02 1.89923538e+02 9.01447177e-01]
  [5.80983620e+01 1.94008835e+02 8.06922257e-01]
  [7.88471680e+01 3.05126099e+02 8.96092117e-01]
  [1.36228363e+02 1.85803787e+02 8.40647578e-01]
  [2.22732468e+02 1.85806427e+02 8.43093932e-01]
  [2.35057251e+02 3.13163910e+02 8.87750149e-01]
  [1.19881477e+02 3.17350525e+02 7.59307623e-01]
  [1.36372971e+02 4.69583649e+02 7.61606932e-01]
  [8.26415024e+01 4.65543152e+02 7.90270090e-01]
  [3.75381699e+01 6.38582092e+02 8.31025839e-01]
  [8.27215881e+01 8.07365234e+02 8.87015820e-01]
  [1.81787094e+02 4.69728729e+02 7.86812723e-01]
  [1.81676636e+02 6.42590942e+02 8.92418206e-01]
  [1.81766220e+02 8.11432556e+02 8.07683170e-01]
  [1.15806946e+02 6.63961029e+01 8.91600490e-01]
  [1.48817795e+02 5.81211815e+01 8.79790306e-01]
  [1.03351112e+02 8.26799850e+01 8.28804910e-01]
  [1.77605118e+02 7.46617813e+01 9.00968313e-01]
  [2.14452118e+02 8.77222534e+02 8.08565497e-01]
  [2.35140915e+02 8.68956299e+02 8.18792701e-01]
  [1.77264374e+02 8.35973206e+02 8.04025412e-01]
  [5.81388206e+01 8.73005127e+02 8.60973775e-01]
  [4.57474899e+01 8.68672363e+02 9.06521559e-01]
  [1.03413574e+02 8.27662964e+02 7.94973254e-01]]]
Left hand keypoints: 
[[[6.73103943e+01 2.83498901e+02 3.88607755e-02]
  [9.17387695e+01 3.27657867e+02 7.39681572e-02]
  [7.71756973e+01 3.36113861e+02 8.82951766e-02]
  [6.59010620e+01 3.42220947e+02 6.15849383e-02]
  [6.59010620e+01 3.39402283e+02 2.95284037e-02]
  [7.62361450e+01 3.36583649e+02 1.20457791e-01]
  [6.16730728e+01 3.25778778e+02 1.51591063e-01]
  [6.96592712e+01 3.25778778e+02 1.22160763e-01]
  [7.01290512e+01 3.20141449e+02 1.27920777e-01]
  [7.95245819e+01 3.27657867e+02 1.19055346e-01]
  [8.89201126e+01 3.26718323e+02 1.58635750e-01]
  [9.83156433e+01 3.27657867e+02 1.48828074e-01]
  [9.45574341e+01 3.16853027e+02 1.52003884e-01]
  [9.03294449e+01 3.19201904e+02 1.46039873e-01]
  [9.87854156e+01 3.18262360e+02 2.66360074e-01]
  [1.01134300e+02 3.16383240e+02 4.00891304e-01]
  [1.01134300e+02 3.13094818e+02 2.51278818e-01]
  [8.84503326e+01 2.99941071e+02 1.67562306e-01]
  [9.92551956e+01 3.05578369e+02 5.34591019e-01]
  [1.03013405e+02 3.06517944e+02 5.12247443e-01]
  [1.07241394e+02 3.08866821e+02 3.35758984e-01]]]
Right hand keypoints: 
[[[131.41806    187.98311      0.67985475]
  [130.87837    174.491        0.64338905]
  [130.87837    157.22112      0.6814712 ]
  [133.5768     143.729        0.47722346]
  [130.33868    132.93533      0.31880623]
  [137.89427    139.41154      0.7251272 ]
  [152.46573    122.681335     0.9163116 ]
  [157.32289    131.31628      0.43365782]
  [156.24353    144.80838      0.41811797]
  [144.37047    139.41154      0.73389447]
  [161.10068    137.79248      0.8983136 ]
  [162.18005    148.58617      0.76071054]
  [157.86258    155.06238      0.53217983]
  [150.84668    143.18933      0.84580034]
  [165.95784    144.26869      0.6944974 ]
  [165.41815    155.06238      0.7321852 ]
  [158.40227    160.9989       0.6543658 ]
  [156.7832     148.04648      0.8215116 ]
  [169.73563    152.36395      0.8830559 ]
  [167.0372     160.45921      0.8470206 ]
  [161.64037    163.15764      0.7070919 ]]]
